81
0 1 0 0 0 0 0 1 0 0 0 0 0 0 0 1 0 1 1 0 0 1 1 1 0 0 1 0 
11
0 1 1 1 0 1 0 1 0 1 1 0 0 0 0 1 0 0 0 1 1 1 1 0 1 1 0 1 0 0 0 0 1 1 1 0 1 0 0 0 1 1 1 0 0 1 0 1 1 1 0 1 0 0 1 1 1 1 0 0 1 0 0 0 0 0 1 0 1 1 1 1 0 0 1 1 0 1 1 0 1 0 1 0 0 1 0 0 1 0 0 1 1 0 0 1 1 
30
0 0 0 1 0 0 0 1 0 1 1 0 0 1 
51
1 1 1 0 0 0 0 1 0 0 0 0 0 0 0 0 0 1 0 0 1 1 0 0 1 0 1 1 0 0 0 1 1 1 1 1 0 0 0 1 1 0 0 0 0 1 0 1 0 1 1 0 0 1 0 0 0 0 0 0 1 1 1 0 1 0 0 1 0 1 1 1 1 1 1 0 0 1 0 0 0 1 0 0 1 0 0 0 0 0 0 0 1 0 0 0 0 1 1 1 0 1 0 1 1 0 1 1 1 0 0 1 0 0 0 1 0 1 0 0 1 1 0 1 1 0 1 0 0 1 0 0 0 1 1 0 1 0 1 1 1 0 0 1 1 0 0 1 0 1 0 1 1 0 0 0 0 0 1 0 1 0 0 1 1 0 1 0 0 0 1 
99
1 0 0 0 0 1 0 0 1 1 0 1 0 0 1 0 1 0 0 1 1 1 0 0 0 0 1 1 1 0 1 1 1 1 0 0 1 0 1 0 0 1 1 1 1 0 1 0 1 0 1 0 0 1 1 0 1 1 0 1 1 1 1 1 1 0 0 1 1 0 1 1 0 1 1 0 1 1 1 1 1 0 1 0 0 1 1 0 0 1 0 0 0 0 0 0 1 0 1 1 0 1 1 1 0 0 0 0 1 0 0 1 0 0 0 1 0 1 1 1 1 1 0 1 1 1 0 1 1 0 1 1 0 1 0 1 1 1 0 0 0 0 1 
88
0 0 1 1 1 1 1 0 0 1 1 0 1 1 0 1 1 1 1 0 1 0 1 1 1 0 1 1 1 0 1 0 0 1 0 0 1 0 1 
23
1 1 1 0 1 1 1 1 1 1 1 0 
60
0 1 0 0 
99
0 0 0 0 0 0 0 0 1 0 0 1 1 1 0 0 0 1 0 0 1 1 1 0 0 0 0 1 0 0 1 1 1 0 1 0 1 1 0 1 1 1 0 1 0 1 1 1 1 1 1 0 0 1 1 0 1 1 1 0 1 1 0 1 0 1 1 1 1 1 0 0 0 0 1 1 0 1 1 1 0 0 1 0 1 0 1 1 1 1 1 1 1 1 1 1 1 0 0 0 1 0 0 0 0 1 1 1 0 0 1 0 1 0 1 0 0 1 0 0 1 0 1 0 0 1 1 1 1 1 0 0 1 1 0 0 1 1 0 0 0 0 1 0 0 0 1 0 1 1 1 1 1 1 0 0 0 0 1 0 0 0 0 0 0 0 1 1 1 1 0 0 1 1 1 0 0 1 0 1 0 0 0 1 0 0 0 0 1 1 1 0 1 1 1 1 1 1 0 0 1 1 1 0 0 0 0 1 0 0 1 1 1 0 1 1 0 1 1 1 1 1 0 0 1 1 1 1 1 0 1 0 1 1 1 0 1 0 1 1 0 0 1 1 1 
97
0 1 0 1 1 1 0 0 0 0 1 0 1 
11
0 1 0 0 1 1 1 1 1 1 0 1 0 1 0 0 0 1 1 1 1 0 1 1 1 0 1 1 1 1 1 1 1 0 0 1 0 1 0 1 1 1 1 0 1 0 0 1 0 1 0 1 0 0 1 0 0 
60
1 1 1 0 1 1 1 1 0 0 0 1 0 0 1 0 0 1 0 1 0 0 1 0 1 1 1 1 0 0 1 0 0 0 0 1 0 1 0 0 1 1 1 1 0 1 1 0 0 1 1 1 1 1 1 1 0 1 1 0 0 1 1 1 1 0 1 1 0 0 1 1 0 1 0 0 1 0 0 0 1 1 0 1 0 0 1 1 1 0 0 0 1 1 0 1 1 1 1 0 1 0 0 0 1 1 0 1 0 1 0 1 1 1 1 1 0 0 1 0 1 0 0 1 1 1 0 0 0 0 1 1 0 0 0 0 1 1 1 1 0 1 0 1 1 1 0 1 0 1 1 0 1 0 1 1 0 1 1 0 0 1 0 0 0 0 1 0 0 0 0 0 0 0 1 0 0 1 0 0 1 0 0 0 0 0 1 0 1 0 0 1 0 0 1 0 0 1 1 1 
65
0 1 0 0 1 1 0 0 1 1 1 0 1 1 0 0 1 0 0 0 1 1 1 1 1 1 0 0 0 1 1 0 1 1 1 1 1 0 1 1 1 1 1 0 1 0 0 0 0 1 0 1 0 0 1 0 1 1 1 0 1 1 1 0 0 0 1 0 0 1 1 0 1 0 1 0 1 0 0 1 1 1 1 0 0 0 1 0 0 0 0 0 1 1 1 1 0 1 1 1 0 0 0 0 0 0 1 1 1 1 1 1 1 0 0 1 1 0 1 1 1 0 0 1 0 0 0 1 0 0 1 1 1 0 0 1 1 0 0 1 0 1 0 1 0 1 0 1 0 1 1 
73
1 1 0 1 0 1 0 1 1 0 1 0 0 1 1 0 1 1 1 0 1 0 0 0 0 1 1 0 0 0 0 1 0 0 0 0 0 1 1 1 1 1 0 1 0 1 1 1 1 0 1 0 1 1 1 0 0 1 1 0 0 1 1 0 1 0 1 1 0 0 1 0 1 0 0 0 0 1 1 0 1 1 1 1 1 1 0 1 0 1 0 1 1 1 0 1 0 0 1 1 1 0 0 
39
1 1 0 0 1 1 0 1 1 0 0 1 1 0 0 0 0 0 1 0 0 1 0 1 0 0 0 0 1 0 1 1 0 1 1 1 0 0 1 1 0 1 1 1 1 1 1 0 0 0 1 0 1 1 0 0 1 0 0 1 1 0 1 0 0 1 1 0 1 0 1 1 0 1 0 1 0 0 1 0 1 0 0 0 1 1 0 1 1 0 0 0 1 0 0 1 0 1 0 1 0 0 0 1 1 0 0 1 0 0 0 1 1 0 1 0 1 0 0 1 0 0 1 1 0 1 1 1 0 1 0 1 0 0 1 0 0 1 1 0 1 1 0 
17
1 0 1 0 0 0 0 1 1 1 1 1 0 0 1 1 
982
1 6 5 2 6 7 7 8 7 6 3 8 8 6 9 5 2 7 2 7 10 3 9 5 6 2 2 6 5 5 8 10 7 3 8 6 8 1 6 10 7 5 1 2 7 6 9 3 1 3 10 8 1 3 2 4 6 6 7 10 1 10 3 8 6 6 8 2 10 3 9 6 7 6 5 4 2 1 3 8 9 7 9 2 5 5 8 4 10 5 8 4 2 3 2 8 3 8 2 6 6 2 9 9 5 5 3 3 6 9 4 2 4 3 4 8 1 6 9 10 6 8 9 3 10 2 2 5 7 8 9 7 7 10 2 3 6 2 8 8 9 6 3 9 10 3 3 7 9 1 2 9 3 5 3 3 6 4 6 9 5 2 5 4 9 5 3 5 10 9 2 9 3 10 10 3 3 10 10 6 10 1 1 2 1 10 5 4 10 7 10 1 8 9 5 5 8 4 7 5 8 2 1 3 8 7 8 8 4 6 10 3 6 6 6 7 3 6 9 9 2 6 4 8 2 5 8 4 3 2 1 5 7 10 7 4 3 6 10 6 4 3 8 9 8 8 5 8 1 2 7 9 8 4 4 10 6 1 1 5 8 10 8 5 9 1 2 7 3 5 6 7 6 1 7 1 10 9 4 6 9 5 2 7 9 8 9 5 10 10 2 3 2 7 6 6 9 6 3 4 10 9 7 9 1 1 1 3 6 8 9 8 3 10 9 3 6 10 6 3 7 10 5 10 6 9 9 9 8 10 5 8 1 6 6 2 7 10 5 1 10 8 5 10 10 4 1 10 8 3 9 10 7 3 4 1 10 2 4 1 8 6 7 3 7 4 7 9 10 8 1 3 9 4 9 6 8 9 7 6 3 8 9 6 9 6 5 10 8 4 4 5 9 5 4 5 5 4 8 6 8 6 9 5 5 2 10 9 7 7 6 3 5 1 5 2 6 8 5 8 4 4 9 5 9 5 3 2 10 10 4 4 1 9 4 4 1 2 7 6 8 2 3 1 9 3 7 8 8 
766
5 6 5 1 2 10 4 9 1 3 7 3 1 7 8 3 5 1 1 5 10 10 2 6 5 8 9 9 8 3 9 8 5 4 2 6 3 8 5 3 1 6 5 10 4 3 10 7 7 9 6 2 7 2 3 3 8 6 4 1 5 7 4 8 5 6 5 10 10 1 5 6 4 1 2 8 5 3 7 9 5 2 5 6 10 4 4 3 8 3 8 10 6 7 9 8 9 4 4 10 2 9 8 9 6 2 10 2 1 9 9 4 10 9 3 3 6 9 8 2 4 10 8 2 9 8 1 8 3 9 7 8 10 1 9 8 5 1 7 5 1 4 10 2 1 7 6 2 9 1 2 8 1 5 7 3 3 7 6 7 8 7 7 2 9 3 6 2 3 9 7 9 3 4 1 1 5 8 9 7 9 7 4 4 8 6 3 5 4 2 1 7 10 1 4 4 2 2 10 1 8 10 1 4 1 7 8 4 9 4 1 3 9 5 4 10 6 10 10 6 4 5 3 9 4 7 5 5 1 9 10 3 7 9 8 1 6 7 9 6 7 7 3 5 7 3 9 8 4 4 5 3 8 1 9 7 7 9 9 3 7 4 5 4 6 2 8 6 2 9 4 1 5 7 10 10 1 2 4 10 9 4 8 4 6 5 1 4 4 2 8 4 10 4 7 4 9 6 5 7 8 
646
6 5 5 6 9 8 8 2 8 6 4 6 6 7 1 10 4 3 1 5 9 10 10 7 5 3 4 6 4 7 10 4 8 9 6 5 8 8 8 3 6 3 3 9 8 3 9 1 9 1 2 1 1 7 3 4 2 3 1 4 9 8 6 1 10 10 8 8 1 1 9 9 7 1 1 9 5 9 5 1 9 7 3 2 2 9 3 4 4 10 9 5 6 5 7 2 6 7 8 10 4 4 5 2 1 2 7 7 7 9 8 1 1 3 2 8 7 6 10 2 9 1 4 4 10 8 5 1 2 5 9 10 1 3 6 1 4 10 3 7 2 5 3 10 4 10 7 9 6 7 3 2 9 6 1 2 7 4 2 6 10 10 10 7 6 1 5 8 8 4 6 9 7 7 3 10 7 2 10 5 4 2 2 5 3 7 3 7 6 6 2 2 1 5 8 6 5 2 3 2 3 7 8 9 9 9 7 2 1 2 6 9 2 10 10 6 7 1 5 7 7 2 9 4 10 9 3 7 3 3 5 5 5 8 3 2 3 7 5 7 5 8 2 6 5 4 8 10 10 4 8 2 3 5 1 7 6 10 7 6 8 6 7 10 3 5 6 10 4 8 6 3 7 6 5 8 10 4 6 7 5 7 6 2 10 4 10 9 3 9 1 8 4 8 5 2 7 8 3 5 4 5 3 7 7 2 8 10 8 10 7 9 9 7 9 1 6 9 10 2 2 4 6 3 10 1 10 7 6 7 2 1 2 5 4 9 9 9 10 10 4 8 6 7 8 10 9 3 6 1 8 2 5 7 2 2 3 6 5 6 8 4 9 8 6 8 2 8 8 6 2 5 1 2 1 6 2 3 4 9 3 9 3 6 9 7 8 4 7 3 3 7 7 1 10 4 8 10 7 7 1 4 4 5 2 10 2 9 3 6 6 4 8 2 5 8 
640
6 10 7 10 7 10 2 6 6 8 10 3 5 10 10 2 3 6 2 4 5 2 3 6 3 9 7 7 10 3 10 7 7 3 8 9 3 9 3 8 5 3 3 6 8 10 1 6 1 8 3 4 7 9 9 8 7 8 7 8 8 3 2 10 1 4 5 1 5 4 9 5 3 8 10 8 9 9 2 10 2 5 9 6 9 1 8 9 4 7 2 4 5 1 8 5 6 2 8 2 4 4 10 6 10 7 3 10 3 4 4 1 10 6 9 5 10 9 3 6 5 5 10 5 9 2 3 7 1 5 3 3 4 3 6 4 7 8 3 10 5 7 7 8 2 2 7 9 5 6 8 8 6 10 1 2 8 6 2 9 7 4 7 4 8 5 6 5 6 9 10 3 10 8 6 1 1 2 8 1 2 3 8 8 1 7 4 3 5 3 5 2 6 5 2 6 3 1 7 5 4 7 2 2 1 4 8 2 3 10 4 9 8 1 1 6 2 7 3 8 2 4 7 2 2 2 6 6 5 3 7 3 3 2 9 10 1 10 3 8 6 4 3 7 10 8 4 2 2 3 2 10 7 6 7 6 3 4 5 2 4 9 10 10 10 5 1 5 4 9 10 9 4 7 5 1 4 8 7 2 4 8 10 2 9 1 6 6 3 7 10 7 6 9 3 8 2 1 10 2 1 5 4 1 1 7 9 5 9 7 7 7 2 9 9 10 3 5 2 5 2 9 4 3 9 6 7 10 2 5 7 4 1 4 2 7 2 8 10 10 1 5 3 2 1 3 1 3 8 6 9 9 5 3 6 3 5 2 1 6 7 5 9 2 5 10 2 8 8 9 6 1 8 10 3 6 3 5 2 10 2 4 9 1 1 1 4 1 8 6 7 3 3 1 9 7 4 6 4 7 6 5 2 10 6 2 9 1 3 4 9 1 7 2 8 5 5 6 2 9 8 1 6 4 5 10 5 10 4 8 6 10 8 4 9 4 3 1 7 1 4 9 6 1 6 1 7 5 2 4 9 4 7 8 1 3 5 2 1 4 9 7 6 8 2 10 2 9 3 7 2 10 10 1 7 3 4 5 5 6 7 6 6 8 5 4 2 4 3 10 2 3 2 3 8 8 6 
516
9 6 4 8 5 8 5 2 2 3 5 10 1 4 6 3 2 4 6 7 9 1 5 5 3 1 7 8 9 9 4 2 8 2 3 2 1 1 4 3 4 7 6 2 10 10 5 2 1 2 4 8 3 2 6 2 1 8 1 3 10 7 7 8 1 7 7 3 6 4 3 5 5 8 3 1 10 10 10 4 5 8 7 9 8 1 2 5 7 3 7 4 9 4 9 1 7 6 8 9 8 6 10 9 6 7 5 3 1 6 10 4 1 5 1 8 9 6 10 4 3 2 4 4 5 9 1 4 10 7 6 3 3 4 10 6 6 10 1 6 10 10 3 10 4 8 9 5 3 8 1 2 1 4 10 4 1 9 8 1 6 10 4 3 6 3 6 1 1 3 10 3 2 9 6 2 6 7 10 2 6 5 6 3 3 7 8 6 3 9 10 6 4 10 3 7 5 5 3 3 1 10 7 10 1 3 10 6 10 4 10 2 8 3 6 2 4 6 6 3 2 6 8 1 5 4 4 2 6 5 2 1 1 7 8 7 3 7 8 7 6 9 7 2 8 10 4 3 8 2 1 5 1 6 5 2 2 6 3 7 3 2 9 2 6 10 10 8 1 7 3 10 7 3 1 2 6 4 4 7 
813
9 5 5 5 4 2 1 7 10 9 8 3 1 6 1 7 2 5 10 8 4 2 1 4 3 5 2 8 2 5 7 8 8 5 2 9 7 3 6 7 6 3 8 1 5 8 8 5 4 5 10 1 3 2 2 6 9 7 10 4 9 1 7 9 7 9 8 10 4 8 5 2 7 1 9 10 9 10 10 3 2 8 3 3 4 4 3 1 7 2 7 4 3 10 5 6 2 2 7 9 7 9 6 5 9 8 1 10 10 9 7 2 7 3 3 10 10 10 2 2 10 2 5 9 6 7 5 7 8 10 10 8 1 3 5 7 3 10 10 7 1 7 6 4 1 8 5 6 1 6 5 5 5 8 2 4 3 5 8 6 5 7 10 2 4 8 4 7 8 9 6 1 9 3 2 5 9 7 3 9 10 1 3 4 4 1 4 1 8 1 6 4 5 6 8 9 7 2 1 4 6 8 10 8 3 8 10 9 6 6 3 5 2 5 1 7 1 3 10 4 4 4 4 5 7 9 1 1 8 3 3 10 1 4 5 10 5 5 7 7 6 8 5 4 8 5 9 10 7 10 2 1 9 6 9 10 10 5 5 2 8 2 6 5 6 5 5 5 4 3 9 4 1 10 7 6 3 1 8 5 5 7 7 7 1 10 10 4 6 4 9 8 6 9 5 3 9 3 5 2 8 3 5 9 3 6 2 4 6 4 5 7 6 6 5 10 5 8 2 8 1 10 10 10 2 8 4 9 2 7 9 5 7 1 3 3 4 6 7 10 8 3 6 3 2 8 6 3 6 1 1 8 5 4 3 10 3 8 2 3 10 7 7 7 7 8 7 1 1 9 4 6 1 6 9 4 1 1 4 4 6 5 3 2 7 9 10 5 3 2 1 
405
5 8 9 10 9 6 7 3 6 8 6 4 3 7 1 4 4 3 4 1 10 9 3 2 6 1 7 5 9 10 1 10 1 2 1 1 2 7 8 7 2 9 5 8 3 4 1 5 7 2 9 5 10 10 3 7 2 9 10 2 5 2 2 8 4 10 4 5 9 4 6 7 5 3 1 9 8 4 8 6 4 1 1 2 2 10 8 3 2 9 2 2 5 4 8 5 5 8 1 2 3 1 5 6 6 7 2 2 1 1 3 3 6 6 8 10 5 2 6 6 3 2 7 7 8 5 7 8 7 3 2 3 1 3 2 7 10 8 10 8 3 10 7 6 10 1 3 8 8 2 7 8 1 2 5 6 1 9 10 10 4 6 9 9 10 2 7 4 8 6 7 3 9 10 1 1 3 9 8 8 3 2 8 6 4 6 5 1 9 4 9 7 7 4 2 8 8 10 8 2 8 8 6 2 8 1 2 7 7 1 9 9 1 2 10 10 5 9 9 4 8 6 6 1 4 8 6 9 10 10 8 6 8 2 2 4 1 6 6 5 9 9 6 2 1 3 8 3 7 2 5 10 4 4 2 7 4 8 4 6 2 7 1 10 2 8 8 10 9 3 8 1 9 1 9 7 10 8 9 3 10 3 3 2 7 10 10 6 9 7 7 10 4 5 7 6 5 8 3 3 7 10 9 5 9 6 9 4 4 4 10 5 6 3 3 9 9 6 2 6 9 8 10 10 7 9 5 7 1 9 2 1 7 3 1 1 4 5 3 5 5 3 1 5 4 9 1 6 8 2 10 9 4 9 7 4 9 5 1 7 7 7 6 9 1 1 5 4 10 8 4 6 10 9 10 4 4 5 8 3 2 3 3 9 2 7 1 7 5 9 5 3 3 10 5 1 6 8 3 1 3 6 10 1 10 5 8 10 9 6 2 6 9 4 3 9 2 9 3 7 9 9 7 2 6 4 4 6 6 6 5 4 10 9 8 9 1 2 6 8 4 10 10 4 1 6 7 2 7 5 9 5 1 9 6 9 9 8 8 1 5 4 6 9 2 2 3 9 9 1 2 4 4 7 2 4 9 7 2 3 1 8 6 1 2 2 1 3 5 9 2 10 
941
5 7 7 8 7 7 6 1 7 2 9 1 10 2 10 1 2 6 9 2 5 5 10 2 5 8 7 7 1 8 3 9 4 3 7 9 5 3 5 6 1 9 9 3 2 1 1 10 10 7 9 9 2 5 4 6 4 7 9 3 3 3 4 10 5 4 2 3 10 1 9 8 9 2 5 2 5 2 4 10 8 6 6 3 4 2 5 10 2 4 6 8 8 6 10 5 10 3 10 10 6 6 7 3 1 6 4 4 7 5 6 3 6 8 8 8 6 5 8 9 2 3 10 2 5 3 9 4 5 2 2 1 9 1 10 10 7 10 4 1 9 5 9 9 8 3 6 7 4 10 5 3 8 9 9 2 7 6 9 1 4 10 3 9 3 8 3 3 10 10 3 8 6 1 4 8 4 2 5 6 4 1 4 9 6 7 8 8 1 1 6 2 9 5 5 10 9 10 3 7 7 6 10 2 9 5 7 4 9 7 6 6 8 8 10 1 9 3 8 3 4 2 9 5 4 3 3 3 6 10 2 4 7 6 2 8 8 8 4 10 3 7 1 4 1 3 10 10 3 3 9 1 10 3 1 3 5 3 9 7 10 10 1 5 2 4 8 10 8 8 3 4 7 10 3 10 3 10 9 5 3 6 8 10 10 2 4 7 7 3 2 1 4 9 9 7 3 10 2 3 8 10 10 1 9 9 2 2 
593
3 10 9 1 7 9 7 6 1 9 7 4 8 7 6 10 10 2 7 3 5 8 4 2 5 10 9 7 5 4 1 1 10 9 2 9 1 7 4 6 7 6 2 3 7 10 5 5 9 7 10 6 10 5 7 4 7 9 9 8 3 6 9 9 8 5 5 10 6 7 3 2 4 8 3 2 4 9 7 6 9 10 1 3 7 1 2 3 8 10 7 2 2 5 4 6 2 10 1 7 7 10 9 5 10 1 3 8 8 1 4 9 5 4 1 10 9 9 4 10 3 1 6 4 1 3 2 5 7 6 7 7 10 4 9 1 2 2 9 5 9 10 6 6 5 4 10 4 8 7 10 1 5 3 7 9 2 9 2 9 5 6 2 9 5 9 10 5 8 7 10 8 4 6 8 8 10 1 8 2 5 2 7 4 4 6 7 6 9 9 1 5 4 5 2 7 6 2 9 3 8 6 6 4 10 5 3 4 8 4 4 4 5 4 4 4 4 10 6 3 2 2 2 8 10 1 9 1 8 6 10 6 8 10 5 8 3 9 5 7 4 10 3 1 9 7 8 9 1 9 6 7 3 8 2 9 8 6 1 1 4 7 10 2 6 6 10 5 3 9 5 4 5 8 10 6 6 3 8 7 4 7 6 6 7 5 8 3 10 3 10 4 2 5 4 9 7 7 4 3 3 8 1 3 7 8 3 9 9 6 8 5 5 9 10 1 7 2 3 1 4 5 8 2 8 6 5 6 6 9 9 5 6 1 7 2 6 10 4 10 10 9 3 5 6 6 9 8 8 2 7 10 5 8 3 3 6 7 10 10 7 2 2 3 6 4 6 6 5 5 10 7 5 8 6 10 9 8 7 3 3 1 3 4 5 2 4 3 7 2 2 2 8 9 1 1 7 9 2 2 5 10 3 2 7 5 4 4 5 8 3 3 9 3 1 1 6 6 
984
8 9 5 9 8 3 9 3 10 10 8 10 7 9 9 5 6 8 9 4 2 8 5 6 7 5 3 5 1 1 9 3 6 5 8 9 1 8 8 5 1 7 5 10 4 1 9 6 4 7 9 7 7 4 3 7 7 4 5 2 7 4 9 10 5 5 9 5 7 4 2 3 3 5 2 8 10 8 5 10 8 4 6 1 3 1 9 1 3 2 5 5 3 8 1 4 2 3 1 8 4 6 7 5 8 6 8 1 6 2 3 1 5 7 2 9 8 3 4 5 7 1 2 4 7 8 4 1 4 8 2 9 4 8 7 5 6 3 1 9 9 2 5 8 5 4 6 1 4 2 4 7 6 1 3 5 10 2 7 4 1 1 10 8 10 3 6 2 4 3 8 2 10 6 1 1 6 3 9 2 3 8 4 6 9 6 8 4 1 7 6 3 5 1 8 8 9 5 9 8 4 10 3 9 6 6 8 5 10 9 3 2 9 3 8 5 5 9 6 8 1 9 7 3 1 10 6 10 4 6 2 9 7 4 9 8 9 3 10 5 6 7 6 2 2 9 2 1 3 3 1 4 2 8 4 2 1 10 7 8 9 10 10 5 1 6 4 10 2 1 4 8 2 8 1 6 9 7 6 1 10 5 9 1 2 5 2 4 9 2 2 4 9 7 4 4 9 4 10 3 9 9 7 2 10 6 8 7 2 3 3 9 7 9 6 3 9 10 8 6 6 9 6 6 7 7 6 10 4 10 9 4 7 9 5 6 8 8 7 1 1 5 10 1 9 3 5 1 5 4 4 6 1 5 9 9 9 10 10 3 2 1 8 6 3 3 5 6 10 4 4 
362
5 2 10 7 10 4 2 6 8 3 8 10 2 10 5 1 10 7 2 1 6 6 7 7 2 4 10 1 7 1 5 9 1 6 9 10 3 6 9 4 3 1 7 8 10 10 9 2 4 7 5 7 3 3 6 2 8 10 1 9 7 5 2 7 9 7 3 3 8 9 4 8 7 10 4 9 10 9 4 4 2 5 7 6 10 2 2 7 7 6 6 4 6 6 10 1 5 3 6 10 8 10 3 8 1 4 4 6 3 2 2 1 4 10 3 5 1 6 2 5 8 8 1 6 4 9 4 4 9 9 5 9 8 10 3 1 7 10 9 1 5 3 1 5 4 10 5 1 8 1 2 7 5 6 2 1 5 7 4 7 9 2 6 8 10 9 2 3 4 9 8 9 1 1 4 9 5 6 8 7 3 1 6 6 6 5 4 9 5 1 5 7 1 9 5 4 3 6 7 3 2 7 9 10 4 7 4 10 3 7 5 10 6 8 9 3 4 3 10 9 4 3 5 9 3 7 3 10 3 6 2 9 9 2 3 6 3 1 6 7 7 5 8 5 3 4 2 3 3 1 10 10 5 10 10 10 4 10 4 4 1 6 2 8 3 9 10 8 6 3 7 8 8 3 3 4 4 1 7 1 5 7 4 4 4 2 3 8 10 8 6 8 4 7 7 1 10 7 6 7 10 10 10 9 9 1 9 2 8 8 1 4 9 9 7 1 9 7 9 1 4 5 8 7 5 5 8 3 7 5 10 1 9 3 8 8 2 9 2 3 10 9 3 7 7 6 8 1 3 8 10 4 8 2 5 6 3 2 2 2 8 6 2 9 7 9 10 3 7 9 7 1 3 6 10 3 3 3 3 1 7 5 5 8 5 3 2 3 4 1 10 5 1 8 8 8 9 1 10 8 4 4 10 8 8 7 8 2 10 10 1 4 9 5 10 9 4 1 3 3 1 6 1 3 1 10 10 5 6 2 1 2 7 3 3 5 10 10 10 9 3 8 10 6 1 2 5 6 6 7 2 7 9 2 5 8 3 
224
5 6 9 7 9 4 4 10 1 2 10 9 2 8 10 5 7 10 6 5 9 10 10 6 3 10 10 8 9 8 8 3 10 4 5 4 1 2 1 8 2 4 10 7 7 1 6 6 9 4 1 4 5 5 2 5 5 9 9 6 1 2 6 6 7 10 10 1 3 4 6 6 8 8 1 3 8 3 8 9 6 8 7 1 9 5 10 6 9 9 1 4 10 6 6 2 3 5 1 6 7 9 3 10 10 7 3 10 2 5 6 1 5 7 2 8 4 6 8 5 4 9 5 3 2 6 1 4 2 8 9 1 8 9 3 4 6 8 9 5 6 3 2 9 3 4 1 8 7 9 2 1 5 1 10 2 6 8 1 2 9 5 1 10 5 4 6 4 4 5 5 9 6 8 2 5 3 3 5 2 1 10 9 9 2 4 9 6 9 6 5 3 5 10 4 3 2 5 10 6 9 8 1 3 1 8 1 2 7 1 2 7 7 3 10 10 8 10 6 5 6 4 9 2 8 10 3 2 8 2 8 5 8 8 4 4 3 10 5 6 7 3 6 6 8 8 1 2 8 2 6 8 8 3 5 6 10 10 3 9 2 7 2 6 9 2 5 9 8 7 10 7 4 10 4 9 3 8 7 2 6 4 10 7 7 10 6 9 4 3 2 10 8 2 10 10 8 6 9 2 8 3 5 7 2 10 2 10 7 6 8 1 2 4 3 10 1 3 3 8 9 5 7 10 10 8 4 4 6 5 10 5 7 6 2 10 1 10 9 7 3 5 1 6 9 1 1 9 6 2 5 1 4 7 10 7 6 7 7 7 7 9 4 3 8 3 4 9 7 6 7 3 5 3 3 1 2 1 3 8 7 3 2 3 7 8 10 7 10 3 8 9 7 9 8 7 6 4 3 7 10 1 10 8 4 9 5 7 9 10 6 1 1 10 8 6 2 10 8 2 3 9 5 8 9 2 9 
40981
135 251 332 389 349 352 49 360 334 286 418 306 169 323 37 472 185 283 408 15 250 242 272 473 250 303 385 179 225 190 418 160 158 95 28 365 482 315 393 165 382 411 298 143 41 332 252 306 96 303 36 346 159 424 387 329 23 156 258 52 74 268 49 445 411 152 139 77 325 153 150 449 141 17 389 67 319 99 475 312 388 87 347 238 199 423 99 143 410 368 130 258 102 419 280 451 26 185 53 84 314 488 430 88 438 263 395 221 404 206 131 348 235 381 336 95 117 305 385 441 186 37 338 145 396 429 69 36 95 247 214 253 164 253 392 495 395 482 282 129 204 359 371 209 252 144 84 281 455 232 16 157 484 418 239 205 357 171 281 359 499 31 59 479 282 336 191 499 442 231 322 480 343 449 149 181 148 146 420 60 140 345 309 210 246 405 355 393 133 385 354 311 404 109 276 182 356 363 102 170 290 15 354 14 435 44 16 220 60 278 63 360 238 189 122 381 155 138 108 27 22 327 57 39 490 314 346 467 437 121 496 316 336 72 372 500 71 54 448 319 76 202 346 401 470 341 299 421 104 468 66 366 104 139 160 249 348 489 48 337 242 482 151 403 228 364 472 351 404 404 175 141 92 409 47 151 407 41 205 208 180 40 142 499 426 145 101 235 45 261 485 112 322 211 101 340 261 65 83 286 403 230 121 324 339 64 477 236 376 142 62 27 47 46 302 382 138 407 238 19 469 264 86 344 337 10 487 29 350 209 146 87 368 178 473 210 304 11 273 372 491 404 261 254 233 216 442 382 409 425 412 45 286 125 11 206 498 362 428 409 256 72 300 284 488 193 180 359 165 215 38 333 500 341 56 197 283 446 184 51 440 245 399 402 158 341 113 100 293 30 206 348 107 163 366 209 468 64 332 362 193 259 53 463 333 234 386 107 81 28 108 22 378 313 132 260 209 42 415 286 339 167 265 283 437 425 240 18 28 183 38 182 413 379 31 217 70 118 423 344 351 277 244 491 357 455 457 284 86 389 306 129 483 46 28 386 82 260 344 19 251 474 480 326 33 134 369 342 76 17 98 333 35 473 167 430 416 59 243 322 97 437 312 42 428 428 64 68 264 314 419 325 122 42 421 113 228 182 425 437 387 357 215 176 71 360 304 289 80 174 438 416 119 401 33 313 98 181 42 71 150 82 
28207
366 199 293 94 234 134 483 307 30 78 61 415 443 333 323 202 408 90 18 460 259 51 13 13 101 484 55 371 343 313 464 155 223 365 423 415 405 253 364 74 115 83 337 148 277 240 220 132 490 99 322 364 29 315 102 377 265 323 496 55 331 433 410 164 188 224 12 295 130 108 70 281 58 326 195 451 399 286 269 122 247 404 330 347 116 151 37 109 67 417 86 360 442 476 252 264 100 91 353 482 32 37 340 196 155 117 232 138 181 325 422 465 398 242 32 63 389 36 483 285 100 90 412 24 258 273 69 46 468 130 379 237 313 306 176 224 111 392 356 469 176 127 408 66 176 126 60 131 387 221 455 112 202 466 122 47 251 309 258 37 465 233 84 120 485 322 242 101 208 201 79 244 378 109 333 193 148 113 181 75 26 364 301 40 153 79 66 446 248 244 224 97 399 185 122 463 161 319 90 414 416 336 497 323 473 97 305 293 447 127 54 220 448 277 260 451 120 312 252 438 246 152 17 383 229 386 456 136 136 177 232 306 123 466 484 312 494 86 477 303 469 12 223 32 30 250 385 403 268 27 227 281 211 255 424 418 366 430 60 241 263 133 52 295 395 16 364 384 218 496 121 77 193 161 132 341 56 18 255 352 166 92 370 245 449 302 392 308 22 242 247 405 80 457 370 217 104 414 456 199 330 247 370 334 10 450 331 46 207 467 363 180 281 26 161 228 395 148 367 494 323 287 304 416 116 413 360 51 327 460 181 386 487 38 273 494 475 355 196 464 36 66 206 197 248 326 30 197 197 99 341 296 370 44 297 373 406 114 80 181 132 286 68 342 254 387 490 395 307 456 369 117 395 391 399 125 174 190 469 146 267 358 226 151 37 42 200 186 241 258 266 279 434 72 250 373 282 357 432 282 470 159 241 327 198 419 354 494 364 424 491 462 43 106 466 462 244 54 51 210 469 101 157 500 499 49 65 94 151 67 366 85 264 87 457 114 276 497 331 21 160 223 359 287 487 77 252 187 225 237 387 340 20 159 106 42 21 456 420 128 437 495 276 340 181 220 306 185 345 340 412 177 258 313 350 366 281 441 290 237 244 165 300 77 469 414 166 97 414 143 126 257 200 157 404 442 34 85 190 155 243 499 95 326 483 92 374 284 156 103 99 439 372 364 473 351 416 88 92 131 69 31 172 304 74 235 143 199 104 115 297 372 27 350 172 186 85 200 239 286 93 283 164 
8961
22 217 486 265 403 84 495 244 485 173 89 12 388 289 269 179 341 371 161 252 468 158 493 396 303 351 85 419 299 383 474 482 236 183 362 67 384 255 470 30 81 357 292 69 167 22 215 326 440 122 238 192 57 177 38 321 338 109 308 279 123 410 489 402 152 110 21 52 285 444 238 356 353 500 54 272 211 109 261 172 318 319 271 493 38 475 351 194 213 85 376 447 228 199 207 200 16 155 186 189 167 238 457 297 54 120 382 464 237 389 222 421 236 157 93 422 382 469 227 383 468 222 81 437 310 316 54 83 116 165 253 454 278 181 43 487 312 397 202 55 13 219 337 478 149 222 99 294 246 373 300 396 478 80 112 105 436 205 158 293 261 31 431 433 164 437 309 165 262 296 388 247 124 23 415 11 88 144 163 499 337 437 335 251 73 344 350 467 157 223 101 261 474 362 340 135 24 71 401 151 262 44 316 391 195 307 256 299 233 454 142 331 361 253 365 428 71 201 272 385 304 18 442 142 93 307 39 84 173 246 459 364 79 192 93 37 149 194 224 335 476 499 192 34 158 159 281 337 489 49 273 109 402 331 103 401 58 316 395 95 288 175 456 171 433 442 360 419 164 148 360 367 362 195 59 283 306 190 431 83 16 80 275 154 200 408 258 220 184 481 476 93 62 121 89 267 123 435 106 417 469 296 324 363 435 497 279 443 282 374 292 369 397 420 68 223 245 479 49 69 429 77 482 18 255 188 169 363 195 81 428 236 465 315 277 400 185 98 373 165 24 391 427 70 123 75 448 365 82 362 126 167 74 117 76 50 227 363 400 411 67 49 19 406 257 397 230 31 110 65 26 416 347 272 313 40 250 70 475 139 32 43 164 351 15 396 59 410 73 481 318 115 310 471 112 104 353 189 24 56 84 443 392 492 152 495 306 188 190 92 447 266 409 383 323 133 268 301 44 60 429 306 400 17 280 121 376 108 154 97 471 396 285 12 381 60 483 119 481 268 445 372 253 197 367 311 104 235 354 500 64 102 437 191 204 227 119 273 126 218 67 399 170 73 248 66 276 79 263 400 194 370 157 295 379 30 52 177 262 69 207 155 243 317 386 169 361 440 237 125 293 218 158 447 229 106 448 45 468 440 420 253 490 357 198 101 16 355 261 354 63 212 234 277 347 356 53 71 83 212 215 365 312 62 389 483 466 96 43 196 111 183 112 314 442 216 72 129 439 227 381 265 152 401 375 402 307 313 149 397 414 420 339 492 214 192 253 351 318 496 217 258 271 152 85 403 242 65 72 138 260 264 128 331 492 78 25 60 387 37 435 44 265 357 23 101 205 319 357 177 88 165 328 329 59 399 49 348 394 276 402 262 415 248 113 160 348 264 261 268 143 287 185 424 450 286 289 19 497 401 26 230 460 478 70 206 240 171 446 202 236 245 28 26 100 295 347 450 409 165 462 371 94 261 230 78 169 376 209 259 401 66 301 355 261 347 293 360 286 302 250 253 297 447 90 269 38 210 144 263 312 203 325 356 190 402 155 174 41 24 312 33 75 438 197 188 424 389 308 23 401 466 330 184 204 59 229 186 192 220 189 38 348 135 136 130 341 169 313 53 476 362 43 454 166 68 182 96 20 285 176 29 245 346 452 226 300 273 471 225 146 20 366 250 311 
2457
203 302 209 175 303 60 423 260 61 363 355 115 182 264 267 425 401 351 183 95 324 163 196 233 113 264 335 443 413 48 440 445 284 119 157 145 34 162 303 215 421 125 329 390 500 57 377 442 306 58 313 182 149 44 300 420 281 253 228 117 187 417 49 343 431 164 268 421 163 231 349 286 170 112 222 215 138 329 273 242 353 400 290 102 461 19 331 370 274 451 105 305 265 119 348 431 390 490 249 147 489 336 282 424 324 446 403 474 232 488 299 382 330 40 277 112 196 246 85 133 87 392 360 401 163 442 232 220 173 450 435 476 42 334 114 443 221 146 431 156 340 92 141 361 317 130 217 132 68 86 108 24 135 418 433 168 247 258 296 233 226 341 473 28 113 91 149 79 24 142 414 421 152 347 291 100 339 446 31 379 258 410 20 38 450 469 52 170 318 162 453 42 471 499 218 469 196 353 346 463 56 213 492 439 380 441 81 130 67 302 386 266 487 71 277 350 434 307 496 406 486 278 138 264 462 56 131 317 72 405 423 170 178 436 309 387 209 422 393 390 130 488 226 121 83 64 99 119 150 235 219 140 451 311 38 261 283 201 368 495 67 172 289 226 253 359 136 152 460 411 489 84 195 253 376 198 430 167 20 340 473 320 27 440 388 349 419 491 37 363 479 413 353 132 139 292 206 168 337 500 368 195 472 425 360 72 283 453 131 449 236 208 14 475 211 484 479 140 164 56 489 431 397 130 162 117 450 465 92 478 234 333 172 460 425 402 339 218 414 27 150 453 51 431 409 491 261 251 387 221 484 440 180 377 226 458 480 429 61 432 92 367 143 269 43 190 225 318 383 426 290 387 177 242 365 24 400 36 338 338 104 332 237 415 338 79 11 215 112 331 166 170 304 52 66 90 137 274 375 403 435 342 400 76 443 314 361 220 415 490 173 241 254 457 386 78 143 98 361 313 433 177 419 154 111 53 222 198 103 211 458 203 493 437 462 302 124 20 495 21 482 295 341 323 330 127 474 55 246 111 144 369 446 96 35 215 326 229 317 143 86 55 500 198 97 494 300 70 17 377 279 232 405 481 485 242 433 354 263 70 124 375 114 107 494 451 426 410 146 157 392 263 205 76 230 448 115 317 120 431 154 382 356 106 224 102 219 415 84 24 158 144 130 326 240 474 137 199 308 360 341 244 53 15 250 78 456 175 364 213 361 118 375 206 372 226 386 315 141 47 58 295 40 36 180 486 130 251 475 191 320 490 353 420 316 373 393 424 33 12 139 268 327 205 164 212 353 199 77 466 296 31 307 101 143 96 267 262 486 183 459 
31676
55 172 373 281 231 82 143 69 170 32 75 265 456 437 153 392 194 484 230 154 472 458 144 323 434 399 484 145 274 170 233 467 94 171 387 261 401 496 87 294 446 482 346 335 418 235 37 106 86 37 127 103 28 250 143 93 371 249 233 69 468 484 263 30 236 192 373 297 258 244 262 67 443 378 453 85 73 188 57 114 454 155 102 437 96 393 270 431 149 298 466 349 309 118 308 12 279 402 302 102 223 481 49 136 403 265 356 58 464 178 23 155 358 358 72 211 201 312 485 497 64 438 175 88 24 51 245 435 372 347 255 242 331 499 147 314 346 12 178 32 345 328 496 241 176 495 384 385 474 500 418 301 76 118 451 34 420 339 154 175 418 38 390 46 290 497 318 205 57 214 140 101 132 404 453 214 55 20 446 116 93 208 409 216 155 341 395 498 344 88 71 162 261 420 231 386 422 481 168 472 360 318 77 193 350 59 436 198 272 112 260 238 463 208 253 147 298 317 226 56 397 226 425 198 324 105 232 332 228 57 30 272 184 247 356 124 341 361 375 89 486 263 279 332 341 278 52 158 249 233 50 474 420 254 163 86 75 360 472 163 440 137 277 228 161 301 34 292 49 479 33 272 65 271 227 221 58 247 348 378 301 426 139 191 140 309 51 403 267 18 68 389 348 246 101 412 103 441 211 33 52 223 458 370 162 170 310 380 242 397 353 240 329 423 145 184 480 456 424 105 118 104 50 392 319 142 456 354 64 232 283 19 12 212 69 16 97 345 254 245 364 217 454 346 391 318 381 259 165 326 426 325 194 363 354 363 355 212 421 164 54 74 79 17 107 67 427 18 366 106 449 23 117 256 342 84 342 133 233 441 330 449 414 285 107 54 164 404 247 85 252 226 21 69 95 472 88 388 369 237 258 251 20 450 240 309 134 113 160 301 434 436 210 36 180 14 62 332 443 375 231 222 444 263 387 306 315 384 293 158 28 259 214 258 272 312 381 323 488 357 473 428 454 259 128 375 41 280 19 226 305 171 293 42 147 467 341 223 465 252 69 263 328 490 340 187 239 367 233 20 92 157 381 108 250 186 234 128 269 122 310 475 360 183 481 318 446 441 376 346 249 77 462 160 380 374 209 223 436 491 354 344 386 194 417 251 419 442 92 328 116 154 363 393 54 351 257 76 98 112 90 320 261 61 416 222 492 262 165 130 117 295 34 
2188
461 143 192 356 91 99 433 450 467 267 26 423 42 182 230 68 326 126 71 297 124 259 142 184 411 191 403 33 404 459 295 146 468 87 446 363 457 273 319 352 63 371 35 484 494 234 419 244 440 396 66 64 410 322 322 410 449 495 62 431 297 31 269 63 95 332 70 455 115 476 195 90 382 159 372 236 400 269 265 385 455 60 88 341 196 181 429 80 72 444 113 234 222 403 403 13 135 437 424 252 184 156 268 97 53 146 200 376 396 222 194 332 350 135 87 395 395 281 225 413 126 80 420 229 221 480 219 469 244 497 446 274 416 359 195 493 25 236 84 404 15 377 422 274 493 45 53 183 171 215 405 94 232 41 211 398 28 348 482 338 87 472 304 39 333 375 419 348 458 276 161 224 215 463 358 368 293 457 165 379 390 170 475 186 14 433 153 470 280 322 481 85 368 216 238 339 115 464 288 329 413 326 343 236 367 186 464 425 410 342 217 407 111 461 164 53 28 285 181 209 381 378 388 460 74 276 286 155 119 57 271 292 169 276 184 397 335 91 21 24 465 417 286 313 142 133 436 406 165 381 226 268 66 384 40 440 200 142 331 269 191 73 34 397 343 491 73 239 162 303 387 12 242 183 130 422 391 307 299 375 467 490 331 350 283 442 314 129 189 163 155 351 411 427 376 303 354 81 375 203 276 387 136 63 177 274 308 108 431 408 194 242 60 85 374 227 434 220 51 57 41 227 464 76 253 119 238 49 199 356 279 216 311 296 275 408 212 456 145 309 265 335 226 235 362 486 495 260 384 223 431 93 83 268 75 258 374 244 76 370 272 451 280 70 365 118 243 252 26 392 90 493 296 199 481 497 70 318 446 219 66 71 199 302 158 30 277 88 70 200 166 201 165 160 258 24 415 83 82 411 311 225 34 489 467 166 465 155 120 103 429 388 260 11 72 290 188 44 455 32 223 256 303 168 299 241 470 182 410 203 253 437 378 436 320 77 400 80 268 335 245 399 240 351 239 86 453 382 176 55 419 329 350 329 219 208 129 470 212 183 286 33 500 353 465 236 386 152 340 55 453 94 372 22 302 332 417 405 372 168 297 340 73 339 296 53 108 499 326 287 305 397 37 500 301 277 106 394 253 267 469 19 71 347 489 282 102 19 150 412 115 135 434 371 439 464 306 237 53 423 283 320 174 215 311 33 261 451 488 21 184 233 102 222 22 450 280 172 205 141 56 68 60 287 96 156 83 103 140 403 55 88 167 497 218 357 96 40 324 176 102 23 375 39 162 209 60 173 82 221 467 175 142 202 492 433 470 71 36 113 132 395 315 310 131 262 270 395 268 207 496 
8541
41 172 247 293 218 43 257 24 218 334 129 477 463 19 147 293 310 355 61 136 400 294 343 412 74 165 300 218 238 52 443 335 266 114 410 82 201 286 96 410 135 285 497 226 476 294 241 31 10 426 247 434 327 158 344 95 10 40 487 481 256 149 316 138 439 358 204 189 441 333 118 309 440 271 154 33 92 388 283 298 45 163 55 212 367 72 435 81 381 294 153 459 231 117 322 268 500 420 172 462 359 494 185 335 143 395 372 241 149 135 349 174 184 117 245 316 178 18 477 364 78 340 482 11 321 253 12 471 14 354 98 221 294 468 366 370 260 400 211 285 51 413 458 342 343 49 285 25 466 436 427 353 237 354 73 190 426 202 433 317 193 208 100 439 403 425 366 14 73 246 199 489 108 237 14 123 390 20 398 153 358 481 373 193 108 56 427 324 330 165 423 377 123 129 262 195 28 153 262 473 370 371 320 117 13 110 430 336 212 66 455 152 301 266 262 97 292 109 347 388 299 354 359 318 299 99 43 311 75 391 43 75 142 487 301 448 126 461 277 383 410 150 108 444 357 21 364 357 282 324 139 358 296 462 242 11 490 228 338 354 492 342 36 447 490 175 231 442 218 150 72 358 275 248 263 195 274 398 32 462 379 124 34 152 480 225 282 239 171 12 210 109 181 51 460 302 423 22 387 125 363 226 500 48 479 137 110 94 178 169 42 330 330 59 24 255 231 423 22 313 418 330 488 181 440 138 136 65 252 132 500 184 436 37 430 180 276 416 131 493 47 407 317 327 234 401 58 330 238 306 73 53 41 479 27 203 170 465 444 365 43 410 75 41 480 420 236 38 164 322 330 231 43 62 356 38 296 36 160 445 205 215 59 326 395 220 129 452 316 413 347 329 15 242 206 247 417 229 460 327 327 61 183 343 490 355 410 23 242 274 178 310 108 65 62 16 314 375 44 313 414 440 109 473 303 74 336 270 141 191 225 256 381 327 237 105 134 80 418 32 40 75 169 309 233 272 343 396 193 169 308 463 287 407 84 85 250 168 318 185 159 198 14 275 310 346 357 84 39 131 269 429 437 296 449 37 226 186 110 112 337 475 113 412 45 184 106 351 253 365 364 249 317 364 179 446 306 299 181 325 163 224 178 93 63 242 458 414 476 31 263 122 481 11 337 124 364 127 248 329 119 132 256 386 403 497 427 179 423 388 202 115 214 104 432 13 195 15 47 193 25 294 68 82 158 235 109 333 309 477 401 194 32 25 111 111 155 99 122 463 144 378 99 183 443 293 135 101 
13844
100 441 144 476 61 20 435 356 80 204 345 413 463 66 183 489 117 166 243 132 199 424 200 348 97 491 279 419 329 461 232 459 374 43 70 83 461 483 76 416 107 108 282 203 365 201 172 316 229 335 135 481 33 400 325 310 106 447 284 160 414 86 177 136 37 332 417 153 456 74 445 270 309 463 260 117 382 51 411 250 414 349 324 43 95 270 208 394 461 340 394 270 201 265 275 247 101 174 374 201 279 365 257 376 499 263 252 147 307 215 336 481 414 308 342 28 116 122 468 113 241 451 130 212 121 166 227 465 203 302 90 488 441 201 140 291 53 78 394 53 161 237 275 190 127 308 31 248 272 328 182 228 240 249 231 219 198 421 264 172 149 205 22 101 236 129 145 340 48 193 471 52 160 441 266 272 289 339 50 412 151 484 126 60 70 46 194 29 289 112 180 110 355 178 138 164 391 427 403 359 442 150 107 371 319 80 447 395 376 388 288 477 143 14 404 163 154 431 187 410 216 494 217 430 306 397 345 16 251 344 272 399 497 86 453 213 126 126 380 393 117 252 129 274 310 412 292 397 249 379 426 246 184 415 53 170 443 106 229 404 492 367 223 117 234 240 446 295 25 201 81 305 457 75 166 492 387 14 265 424 347 437 191 183 125 224 227 361 395 216 400 408 363 285 163 176 310 21 300 412 26 482 81 88 497 179 300 332 419 318 477 321 303 453 210 205 114 495 210 42 283 207 106 253 65 178 301 241 337 468 165 57 97 63 355 293 100 26 433 362 318 260 23 105 111 45 476 207 155 115 129 159 347 278 45 242 39 198 275 15 97 177 450 475 220 210 90 66 76 284 224 254 390 45 209 499 472 453 115 76 455 115 168 231 428 373 350 253 91 319 304 490 168 310 113 267 376 360 244 151 113 13 83 238 42 432 214 319 423 136 279 178 476 301 460 261 245 246 304 30 387 56 157 340 461 480 243 187 368 441 374 415 162 210 323 431 424 445 99 222 137 101 470 326 385 231 244 206 476 347 103 367 301 58 211 367 494 32 132 463 455 90 150 461 331 285 159 351 479 44 367 381 379 471 121 475 262 220 400 293 72 198 49 396 63 268 402 409 176 219 240 94 139 116 269 32 246 23 47 337 365 355 393 246 205 
410351
7042 3685 6999 1118 675 4605 2378 2736 5859 8106 8442 8058 1617 1852 9485 4469 7671 2797 8213 5073 3143 3294 795 2146 3403 5319 2534 9259 6903 3259 1771 683 4976 3014 7719 6366 3415 4049 1064 9221 4041 7742 1282 9066 2184 6899 5551 7774 1358 576 1297 6683 3805 4591 6638 4408 3776 1997 762 7408 957 738 6023 3648 1535 4113 2082 3250 3236 1221 7310 8896 2264 5859 5786 9708 3605 3893 9375 6972 7510 2479 4307 4002 2234 6342 5798 3344 745 7088 5681 696 6876 3985 8016 4106 1581 5062 6545 1219 1603 4080 7235 5440 8685 2168 9284 9825 3309 4627 2052 5814 6866 2677 5940 3372 5709 8399 1606 5990 789 7854 6764 8872 4308 8748 717 4311 847 2532 5560 4373 7520 4490 1800 1481 2753 6636 8671 5359 3809 2984 6656 3848 1121 4400 7770 5885 2699 5056 5702 1148 9033 7297 5226 888 4252 5927 6115 4469 3872 9336 1385 4568 4144 6750 9043 5769 3507 7747 599 1558 8555 1646 3653 1353 2818 3845 2557 2003 3345 9492 3848 4371 8813 1780 7483 8152 5603 3189 3736 4512 7447 3390 4579 5466 5175 9944 7844 3799 4954 8383 1810 6391 7024 6688 3248 8212 7731 7425 8778 7601 3053 8397 824 6749 7502 1863 5418 9301 3003 9557 3378 4715 6733 8096 5511 7931 5140 6646 9710 8378 1678 5959 2738 8188 3706 3035 3606 568 710 8703 6631 8551 7128 7312 6965 6613 6792 8520 5543 1667 7197 1136 2539 6804 9766 3160 3682 7648 4682 6211 8849 8505 6532 1445 6813 7447 4543 4470 8327 1065 6421 962 2922 4781 7962 2914 4666 4553 9975 3144 702 2412 2012 6797 7015 1816 8995 3593 7429 3216 7493 4643 5451 8702 9235 6771 5545 7243 1956 2290 9881 6142 2838 4907 3932 7020 5547 605 3259 8556 525 2087 1644 7345 9100 7329 5224 7560 3295 3390 6638 3553 2700 3744 8470 3481 8734 2306 7883 9791 3982 3541 3792 1466 3493 3643 4749 7197 7720 2289 3221 1807 5302 1904 6688 2542 5034 1552 6105 986 4346 8329 8449 2151 655 1500 4859 618 1185 2086 3958 9057 618 6654 9020 4855 8461 8253 6021 7536 6014 6574 6120 5664 4425 6418 7028 6700 1437 6333 5910 2141 550 7986 7083 2775 920 2513 9193 5078 4572 6536 7904 8285 8936 7268 3579 551 5778 772 6401 1249 5833 7779 4326 8438 7056 1833 6207 7510 8300 2145 6805 5314 3696 2845 9020 9869 8767 1020 2594 8658 1926 5437 9490 8148 3253 7811 2395 8399 9358 4446 4487 3967 3292 1965 2228 7625 978 3125 5849 6783 5093 4110 4720 8303 2516 2724 9257 8560 1981 5952 4166 9936 1559 6123 6676 6752 9706 7659 4323 4162 4744 2395 5267 1936 2324 1960 6074 3582 2402 9885 6525 2587 5634 6729 9952 527 5592 1513 9275 3610 6859 7441 5737 6480 2569 9015 4139 2246 6976 650 9319 8046 5676 2870 5363 4086 8689 7967 2915 5143 2889 1062 5745 5560 8730 2522 4980 9903 8336 4034 8610 5275 6671 1463 5958 3001 3950 4187 1361 3433 8487 6919 5400 3108 853 9477 6927 6028 7421 8256 6206 6912 6907 1676 9148 5137 5126 3696 9478 6951 2094 2644 5798 1386 5481 7996 3181 9956 2753 7739 8404 5269 2872 3936 4073 3705 649 6434 9931 2170 2918 6669 7497 3256 1422 2073 6325 8263 3443 1359 2422 8944 6045 7607 2934 7119 4514 1056 2446 4446 6998 8505 5459 3326 6650 1968 8096 6760 5009 7792 6518 690 2466 2410 1853 2499 8515 8851 4185 877 9887 9881 8356 4984 2049 3467 6790 8432 7605 5388 9862 2551 2129 5828 1540 9306 3529 7140 823 6951 9610 9288 9184 8504 1547 9001 9330 2533 3899 2422 3460 3448 587 9588 7827 5649 2515 1141 2610 9922 3878 3141 1938 9715 4706 1073 1886 2543 8792 5391 6456 9419 3311 7431 501 4568 5425 1256 9010 5307 9250 7789 2791 9954 8535 5627 9063 6269 9318 8865 3938 2122 1232 4384 1101 3581 2821 5410 4026 2698 9545 4039 6382 5044 2605 7414 1718 9508 4677 4770 6755 3175 7054 7972 1864 4664 7468 2846 9280 3838 1656 4913 3656 6597 9734 8879 3187 7376 3014 5683 7604 6708 924 4555 1770 4925 2541 9207 2302 9484 7164 1580 5896 1957 6444 5964 4976 2897 4198 4983 661 2104 6679 4140 6703 2220 2523 3379 9125 5522 8521 2065 9166 6216 9874 5120 9536 4940 2123 1285 3297 5710 6882 3460 6155 9211 9538 7097 8312 2590 4744 655 8914 3047 2570 2837 6706 9798 4880 1366 6564 4581 7352 8000 3499 7691 6299 8178 8728 5199 5019 7508 9029 4248 5500 1924 5507 7160 5623 1976 1802 1756 4432 2034 3205 9925 1440 1885 5183 9579 8574 675 7446 8834 2735 8358 8656 8937 9222 2542 7143 727 3615 619 7462 9254 6153 4501 9152 1193 7850 3261 9077 4187 3364 1730 6513 2684 8916 6288 1334 7425 8618 6711 3293 6615 2355 6037 4592 9332 2431 5252 5401 8415 5309 4837 3990 536 9819 6949 4062 5494 8946 1080 8086 8499 1442 6328 596 8042 5882 5388 6298 2255 584 6229 3550 7087 6308 645 2160 7558 8561 3736 1888 9168 8926 3018 7229 2529 8485 613 3049 4598 4204 8211 6977 6632 5403 6471 7517 3484 9288 4915 2280 7685 7698 3151 2791 6295 7610 595 6385 3751 2313 3605 5167 1159 2690 6964 7398 5926 1017 3126 3760 8352 4854 2446 7399 8512 9513 8619 2587 5822 7051 8722 6870 2653 2297 2267 846 2566 3048 6138 8692 723 
854661
4374 1352 6105 7539 631 7616 8367 5242 5123 8461 1853 7527 4559 2998 8876 3561 4587 5106 2384 4817 4552 7531 3750 8264 2188 8730 3468 3591 2936 4258 2473 2667 7074 1128 4986 3648 2895 7484 789 3770 1989 1334 6731 7173 9101 5520 4291 4133 6007 7480 8351 1505 8853 7497 1346 5485 2303 4911 6456 5096 6251 7349 4546 5740 1279 3477 1169 508 1354 5769 3973 5174 8234 5090 2150 7559 3528 4633 8549 6456 5976 5486 2327 2087 723 9540 2634 5926 6407 6420 9164 6588 4403 5021 3941 6792 1929 2242 2637 2471 1172 3620 3660 7803 2116 1726 9455 6118 5439 8269 3809 9241 3017 1217 2594 3640 7351 9519 4637 9680 6190 6496 7847 2423 7645 1609 8410 7364 9081 8755 858 3235 4991 2612 5245 1244 9776 1496 3616 7012 8610 9223 8912 1728 3211 7672 8844 6793 9715 6893 7067 4948 3890 3515 558 3121 9869 4068 645 8901 7961 8754 9102 4740 5471 4109 5355 4899 9546 2451 3303 4168 1247 9241 4402 5281 1140 2927 5050 2678 4930 1344 4579 3940 9258 2403 522 6192 6547 5817 1863 9499 4826 2689 7190 5331 5818 1438 670 6324 4092 5082 3395 4694 756 9304 2243 6758 4716 9525 3877 7744 4114 5812 4903 3841 6979 3050 7808 4296 7609 6539 2930 8348 2035 8625 3473 8026 3531 3385 3594 9833 8536 3455 5121 844 5581 3169 3411 6958 3577 1637 2851 1680 7486 4518 7955 7094 2142 9130 2749 693 2133 6691 6791 839 2302 722 1216 2665 4568 1869 4885 2836 721 653 2242 9386 6044 1892 3814 2781 8371 9721 7779 3172 5536 5935 8346 3031 4494 1415 9405 4882 9406 2516 847 1229 2184 9423 5361 2180 8881 7304 2823 519 4175 893 4213 7498 6814 2914 6288 5199 4200 6803 2341 8557 3278 2304 4178 2166 5117 6354 1749 5967 2439 6406 1889 1210 2975 3417 7522 9191 5986 3471 7467 2961 5440 5202 6207 2202 4941 8679 6547 4848 1751 535 2935 2901 5747 2921 6899 7818 8338 1602 2354 9967 7503 5062 2870 1981 5792 2589 3479 6808 6277 5731 8597 7444 8385 7282 5963 2764 4528 6778 7359 9500 8644 9326 9245 8570 9224 9285 4270 6801 1869 7411 9133 9967 4093 1929 4353 6426 546 3830 781 6437 9648 8264 2688 2304 1476 6223 6412 2783 5328 8043 2861 9535 7398 4473 3952 4179 1415 2757 2420 2844 6684 931 7458 6589 1386 2236 1708 8312 3091 994 2906 6484 2814 1794 4514 1762 704 9825 7323 2952 3488 8196 2795 9141 5407 8203 7242 6026 7774 716 5198 2322 3054 1483 1026 3343 8745 3127 678 6994 7440 7943 9579 4727 9872 8722 5514 4224 7441 3069 4953 2006 9044 6685 2550 3971 7060 1417 4086 6927 3509 9663 1764 8174 8321 5631 7137 6733 3200 1395 6586 7450 3690 4922 2276 2210 1774 6442 5996 959 4424 5123 3166 9373 2244 1570 3971 679 5564 3575 9538 3805 1030 4437 4910 1893 9840 9753 1235 9736 8426 1248 1287 5654 2027 5556 638 6343 5126 7023 8695 3692 5652 6900 6330 2622 2095 5928 7172 8750 2154 8727 2960 888 6760 8314 1112 5253 3141 2982 8087 1790 2028 4294 4033 2807 3138 8718 8959 9073 6093 7831 2649 6054 5265 6403 7559 1155 6850 4417 3921 1728 2996 9788 8651 2095 744 2836 5571 9464 1928 8674 2041 7951 5639 3280 5343 3145 1616 5089 9945 6452 6289 1961 1665 3435 8048 4726 8253 4694 7742 2801 2531 9818 8499 1148 6455 5196 7068 7201 2613 7722 6508 8896 5638 6622 1867 7269 8789 7874 4806 1199 1434 4511 9688 630 3032 2225 5262 6657 3092 9841 7041 1695 4154 6860 8073 2031 6216 8132 8175 9267 8116 2287 1906 3453 2275 7003 7596 3768 7078 5885 1556 5698 6110 8467 3983 8302 2373 5060 7947 1127 9430 3051 8199 2884 3997 5745 9809 1013 6730 1522 6422 7546 8256 3996 1386 3965 875 7429 4921 4629 3385 1869 2822 1634 4987 7136 1838 5387 7896 7376 9097 4007 4750 3515 1380 2014 7521 6103 5364 3195 3753 6222 7366 8390 8290 9273 3132 7656 6311 9844 6875 662 9689 3753 1774 9977 2869 5804 5685 732 2965 8014 2916 8682 5684 2361 7158 4805 9031 560 7881 2559 7861 9976 2096 1097 4081 3574 7384 9447 3221 6685 4041 6203 3936 3631 9950 735 6566 6460 765 5447 5529 8726 2543 8677 7971 7283 7223 6262 6270 9387 7477 9071 6002 2357 3380 8017 7518 6613 3398 9556 3164 9392 7641 6751 5169 7667 5140 2125 1935 2200 1968 769 7238 2198 8633 9424 2133 7776 8747 1034 5249 7391 3971 4151 7948 9537 6743 2375 3704 8193 2538 6244 8101 7265 6984 624 6638 4168 8815 5146 4884 4833 5536 7294 4457 568 7292 1035 754 930 3012 6634 9002 5701 5990 3292 9874 7545 4462 9605 6912 3656 6944 1345 9967 7530 2611 6896 3346 7104 5712 8975 3095 7666 4284 2131 2569 8761 2439 9952 6922 4763 9558 3105 5782 3838 2027 2028 920 7666 689 3007 955 9407 1790 9868 6765 914 2638 7933 6367 3556 4427 4133 5364 3675 9272 4518 6694 4767 1347 5005 1859 2855 879 9992 2194 2317 8022 2510 2254 2823 5127 4792 3459 2020 1767 8597 6421 3907 6902 2149 8545 859 7278 1705 8471 1750 3945 7379 6648 5637 7887 3139 3445 5394 666 3427 9794 1015 2420 6116 6181 8428 9453 582 3095 9048 4669 2492 3659 984 9281 
74157
8884 2996 4043 6478 2380 4054 983 5866 2770 4100 1867 2573 4884 4983 8390 3764 2006 6210 9535 5322 8152 8623 7644 8899 7052 3663 4597 3333 3742 5105 6936 2185 5605 3214 3872 8492 7601 7809 7442 4951 5722 2262 6775 7533 3772 9792 6282 6626 1552 7863 3240 1053 8878 4646 7214 5308 9191 6271 7025 990 2378 3447 5786 7535 3546 6361 4519 1690 4025 6589 6594 2876 5651 2503 657 5719 678 5888 4002 8124 9797 5768 4311 9701 1585 6817 5146 3976 9138 4062 2186 9690 5055 1725 9903 7409 7630 5706 5744 3746 3729 1313 8592 8669 1266 4996 7401 2453 2533 7918 3303 5855 6772 4373 9943 848 5170 792 9933 576 8065 5159 2647 7099 1106 9240 9142 1140 6027 766 1637 8198 2058 7300 5431 5000 5696 6165 7059 1806 9616 5631 8590 1271 6944 5389 7947 8582 2489 6626 2183 979 4170 1283 670 2773 2222 5789 7638 4208 3288 1942 3631 6543 9307 580 1360 4754 1205 2315 1286 5485 1729 4820 5895 6718 4922 3290 2757 8048 2464 2569 5731 2924 7271 7820 2504 9048 9144 4440 9968 8330 8529 5096 5774 8408 4200 2004 4822 5353 1856 6283 9650 4471 3873 1778 1731 8603 1487 3981 715 4041 8170 6808 3578 8489 2212 6077 3918 9144 8920 5634 5608 7938 3023 8765 2231 2630 4084 6457 6817 7912 8912 3826 7056 3579 1624 5052 7431 3190 5532 9957 2172 2913 8052 2255 2305 4441 771 8050 3564 4870 968 8302 9198 7916 6266 4851 2438 9516 1877 6306 7569 3974 2967 7003 8727 7559 8821 5967 1370 7730 4966 6558 2102 1305 6767 7423 3677 5316 3603 7097 3394 5020 9176 8587 8997 7603 2288 1317 4578 2319 4097 2387 1370 1084 9924 4861 4411 1578 9218 2155 5013 4210 7128 6921 6937 2159 4102 4895 8612 3870 3302 3835 6195 5218 5218 550 2044 3532 8745 8311 5502 4409 3289 5662 1637 3230 3569 5942 7958 2823 708 8275 7511 5973 841 3408 4822 1761 3297 659 6269 8263 516 8500 4555 8242 2292 1240 784 9794 5262 4240 9106 8743 3241 2901 2038 2138 5490 5999 7915 8539 6247 9440 4716 8470 4653 6468 8016 722 6277 5433 5967 8984 8435 2347 4922 9008 839 2923 7222 4108 2820 6352 8656 1006 4503 9963 7556 6388 3880 1962 3675 6689 2268 4987 9427 7860 9132 3366 4846 6215 5926 6906 7336 5026 5567 3622 1173 9994 9020 6124 2514 7601 7955 9784 6185 5225 2305 636 8674 2910 8140 2961 9071 5247 9644 3164 5474 8476 5222 1558 5328 755 7936 1170 4060 5136 2522 1371 8501 5510 583 7550 6271 510 1317 4619 2756 6237 5141 8724 9687 3040 1909 4934 2837 3723 7578 1822 5264 4085 1026 8252 6310 4575 6828 7423 7039 2107 4780 5448 5591 3339 9739 7640 5783 9972 2780 3768 4596 2723 7320 9581 3768 5432 5497 1902 5371 9784 8055 9442 3504 6659 7658 2073 2770 9127 7740 5632 8754 6358 8173 6303 7506 8143 7389 7221 8057 953 9657 932 7396 1948 2803 5454 4475 8891 6613 2585 9400 9766 5306 1377 6933 2563 7101 597 8082 8987 8040 1390 1887 1396 4926 2253 5963 2095 5260 9764 8388 5928 1497 2489 8869 1368 3859 8958 2861 9708 8615 2734 4162 3035 5429 5593 605 8445 3788 2379 1600 500 3007 2483 9016 2087 4550 3847 2197 8261 903 8787 7771 6901 1411 2495 5413 7128 8425 3515 4349 9457 4764 7694 2518 7583 2896 854 3527 2821 4443 3297 8880 9456 3782 8301 8371 5251 5242 2138 8576 6518 5008 6909 6821 2258 8101 7330 7460 2927 958 5143 7988 2468 9744 6880 680 5460 1058 7782 1198 6311 2782 8166 8009 5036 649 3093 6361 8702 8744 3953 6215 9102 6899 8905 1528 3358 2980 6264 9726 6058 8028 2794 5060 5463 6954 1617 8425 6668 8229 3455 9937 8806 9108 4747 2620 5809 6203 7115 1607 1236 983 3107 4296 2081 2240 8682 8305 5802 4293 4376 2227 3350 6792 7382 1554 1514 4603 2375 1113 1694 7734 6632 982 3351 5761 2263 7864 6687 2682 9900 9617 3772 3706 4636 8546 7668 5187 4194 3796 3155 7611 9159 3650 1909 897 2076 3834 1044 2802 585 6391 7185 9810 9455 1679 6082 3536 9153 8629 3615 3899 9844 8261 8705 6268 6340 9653 2758 1600 7690 7504 6662 1661 9824 1780 2583 8974 5386 2153 2432 8670 4277 1343 9356 5921 869 4170 5249 4618 6896 6363 1613 3086 5219 1725 9255 9926 4455 8982 8692 5615 7040 1428 9444 2316 8216 4809 991 1028 6038 7404 4774 3785 5981 1473 2782 3846 9463 5900 1521 4360 8586 1694 9738 1079 6166 1659 7319 1820 9534 8344 2621 4932 1183 2204 1083 8636 8816 4190 6238 7569 8324 5471 4231 851 1406 931 3714 9252 6715 796 9552 8399 1354 6842 6680 2551 7540 7493 9503 2757 2393 7675 2433 6524 6263 3672 6121 7652 1449 4402 4301 2007 664 4221 7267 9285 9806 1250 744 4594 1431 1755 1428 2576 7685 3458 5130 1216 5646 6228 4501 5290 2625 7017 8343 2505 1758 1751 4599 9407 3872 8608 6348 4109 7766 5459 6511 9534 5295 4501 9131 4883 5724 9370 8748 2210 1384 
413473
7231 8466 5083 1785 3835 2746 9035 4277 5496 9559 3953 2511 6601 2825 1087 4351 7713 7934 2371 848 8674 1053 4928 5054 6794 5421 1884 1478 5072 6790 8615 808 6768 6802 7774 1227 4177 3870 6714 3521 7562 9224 1356 5499 1012 9372 6198 925 6008 4801 4047 948 6086 7611 7504 1435 2289 9565 6858 5209 9261 8094 7444 9881 9811 9001 4761 3163 6747 8156 4403 2660 748 5098 4995 1901 4594 9393 5346 6030 9856 6965 1132 4993 6426 4903 4604 702 2536 5528 9813 5759 4833 3429 7771 8081 782 7707 645 8142 1106 6377 8367 9619 4069 7194 1459 9995 1803 5029 9534 5645 1549 7716 3445 4727 5024 4752 8608 2584 4226 3358 2906 1312 4312 2375 1130 3518 8802 7714 10000 5699 1187 9567 4234 1496 4744 4717 764 6289 9354 1232 4345 6229 2288 1769 8805 7771 2354 8872 1768 4382 3843 5837 9844 6584 7315 1669 7487 5138 2844 904 5850 6402 5988 7186 6639 8211 5317 1010 3126 6534 1230 5265 2958 918 2240 3964 5629 8868 8826 6136 4020 6706 1034 2958 6743 1785 1766 4179 9763 8749 9911 9482 7349 9330 2486 9146 1342 8238 9092 9025 7725 5692 4910 3695 9924 5301 4498 5885 4482 6430 4282 7968 5657 2390 4449 7791 7216 6429 1805 6266 9682 8784 1752 6435 8432 4274 7855 7362 4264 9828 2552 9308 4513 7178 2763 4764 5200 6096 5642 2432 1835 7192 7398 8774 2931 9937 8596 3745 3447 7939 754 3232 2479 7358 4815 9586 8198 2154 2570 1058 7568 892 3235 1696 2668 8936 9172 6858 7419 6305 2588 7091 9624 4455 5306 2450 6018 6015 2265 1241 1708 6315 7854 7199 7868 7638 5239 8316 2705 3505 8845 1872 2994 627 6560 7930 6715 5750 7685 3395 8834 5076 2087 4305 5371 8582 6088 1291 9742 8981 9104 9999 8826 7490 5173 5788 6792 5719 3423 2846 1187 3951 7553 9005 5058 9923 5650 2129 6190 5166 3213 2442 5216 4986 8473 7691 4164 3274 5226 4750 2238 4295 5065 2810 2072 3888 9546 8834 3266 948 1151 9344 9313 3697 609 8501 922 6554 3828 5117 9857 7487 7788 9034 2567 7935 5332 2295 2465 7781 7582 8581 4809 1923 2741 5062 2408 6295 1795 4144 1718 5859 3067 8807 5994 5023 7929 8902 1713 5657 1128 7600 2145 9040 5702 3619 9645 1083 630 4529 2742 6663 4107 3705 4846 8202 2981 8438 3565 8638 5130 2659 3753 1953 8959 4009 552 7615 1602 8539 9637 3916 3418 1135 7351 4810 6730 4345 6213 8433 9191 3450 5416 4299 5286 8447 8531 6925 6351 9403 8380 5340 2081 4086 2341 5206 7374 7826 5831 4553 7460 2397 3386 8114 5724 2360 6194 7022 2598 8425 8514 7250 4347 974 5266 4889 8814 4024 7201 1496 9712 5795 4786 5703 7237 6912 7740 7466 7031 4771 1395 4896 8454 4087 6067 1247 5554 7834 7214 4125 9879 3228 9282 3878 2307 5901 2617 9343 826 845 6712 1978 5960 6278 9558 1539 1306 8997 3948 6432 9273 3751 3072 9276 6980 4257 5254 3144 6625 5931 7273 4032 9559 4574 723 1091 828 9127 2179 8716 7019 8444 1192 3071 5138 5439 897 4268 4551 1053 4963 2525 6690 7065 2649 4923 1891 1753 1710 8765 7305 830 741 9375 2987 2065 6908 3683 5614 5803 7465 8894 883 5450 4990 8018 3820 2133 4829 9940 8223 6669 5271 7537 2024 4141 7157 9691 5063 8419 5159 9236 8800 4507 6765 782 8643 6949 6606 9455 2274 7909 4171 9967 907 7010 4302 7825 6559 8311 9726 2285 5589 5946 2855 1870 2062 9689 3273 3902 8525 4595 1874 2815 7105 8258 9075 9783 4308 1465 8584 4629 7247 5602 6035 2967 1098 5766 9762 7160 591 4893 3927 9714 8507 9438 8688 5628 4362 5772 8059 8413 8928 9589 1834 2221 7474 1769 6655 2585 723 3155 9018 2490 3222 3733 7669 2362 1139 7449 8613 3297 9094 8482 2791 9463 7350 7043 651 5361 2426 7634 5320 4941 9060 5781 6588 9737 3218 2818 5254 9072 3849 6582 9009 4616 8235 8083 3950 5909 2717 3190 9091 8263 660 5705 7320 3436 2963 8208 1598 591 5609 3574 3764 2037 9310 8013 5923 2051 1501 8179 3063 1593 6241 9661 4203 6151 731 3656 4998 5156 7482 5509 6517 7107 4673 9693 9364 3819 1769 2997 2187 4046 5087 3421 4807 9735 2176 2575 9057 6774 5909 9931 5042 8256 3929 3254 543 4298 4046 1996 2900 2848 3200 8290 504 5797 1774 1355 2744 8883 7703 7469 8228 5859 5457 8698 2421 4444 9677 6942 6681 6816 8273 6316 5607 9052 5693 9194 1781 4004 3221 5050 2841 7663 9683 7735 8529 4604 2470 9640 7633 6204 3416 914 6491 8136 6168 7448 4002 9671 3629 6766 6630 3432 674 3708 7743 6414 9118 3693 591 5585 5881 2041 6543 4657 8737 712 4973 1049 5004 8343 7025 1219 4645 4992 1437 9874 998 8213 7946 8533 3347 8256 9438 2202 1125 6554 972 3009 3398 2656 1856 7374 2456 1418 7764 1521 5648 2097 9414 5046 3681 773 5950 5685 3272 6500 8959 732 7105 7321 1507 1564 3661 8716 2916 4868 1875 3327 7764 1229 5014 3755 8781 7205 3333 552 5598 4985 9684 6245 2428 6094 8139 9808 1910 9776 8085 1944 2404 1983 3490 1915 3541 5701 829 3274 671 4063 6636 8042 1831 4542 5542 3630 2674 5587 1373 6714 5203 3416 5070 2800 9757 5669 7282 4202 3584 4969 3764 3401 5332 4749 7702 4834 2014 8526 6318 9981 6457 6215 9069 7867 3293 1101 6818 3051 9313 9817 3951 7608 6183 5229 3898 6106 8753 9537 4906 1986 8909 3952 4730 4075 8162 4773 1015 2389 8971 3554 8285 2790 8155 5791 6599 9736 6691 1054 5781 2213 6379 629 3100 7404 8290 5983 
