167621
114 25 759 281 250 
3 2 1 10 8 
22790
604 432 32 30 95 
3 3 8 9 0 
147127
203 733 665 718 558 
6 3 7 9 4 
1703
777 825 163 714 432 
5 4 2 3 5 
26793
94 389 99 367 867 
5 9 4 0 7 
140568
127 996 944 387 80 
8 4 10 9 5 
151349
196 721 71 46 677 
3 4 1 3 1 
99647
284 464 650 854 373 
2 5 5 3 10 
81
1824 409 4506 4012 3657 
2 1 10 8 1 
75
6912 520 488 1535 3582 
3 8 9 0 8 
25
8928 6873 3611 7359 9654 
4 0 2 6 5 
35
2547 3527 5514 1674 1519 
6 1 5 5 9 
33
711 7527 8785 2045 6201 
1 8 4 10 9 
46
9459 3150 1139 750 3733 
4 1 3 1 6 
35
7428 5977 2664 6065 5820 
3 10 4 10 10 
9
9980 2803 8751 4010 2677 
7 6 4 10 8 
324
5313 916 3752 525 5168 6572 4386 1084 3456 9292 5155 3483 
93 73 60 92 68 28 43 27 41 81 78 43 
864
9577 7019 9560 6543 5930 3593 2266 8348 8085 1489 771 1796 
29 90 30 97 64 86 18 59 58 86 69 77 
357
9064 188 1876 8797 4371 5573 1827 4808 7123 2591 7433 53 
43 74 32 74 23 90 48 91 74 87 35 29 
482
2646 8837 8689 9 9813 5310 8005 319 1832 5947 5038 3923 
17 40 82 20 20 72 18 78 26 26 94 70 
662
2705 4342 8645 9938 6932 3470 8835 3295 5107 6537 6118 7177 
76 67 25 41 38 18 53 12 85 80 39 85 
325
117 1163 964 3750 1104 514 5413 1160 8423 3899 4562 7953 
37 79 26 83 83 70 41 70 62 34 22 22 
774
7062 5804 6939 6735 7651 887 1612 993 6596 5559 1790 4073 
34 34 78 67 27 64 33 45 69 41 19 66 
927
9016 1604 828 8856 241 1528 3872 2724 6658 7956 7886 3502 
61 17 31 58 10 59 43 68 46 64 99 81 
8973
2536 3111 4861 3566 958 9489 8883 998 5138 936 821 9571 7811 8238 8701 2579 931 8320 1312 3044 1122 9749 1113 3853 6615 
222 683 352 692 708 140 734 183 529 773 697 678 635 423 367 309 785 833 421 344 371 505 234 787 760 
5915
7491 5180 1188 152 7508 9224 1638 1200 8808 3492 8288 4345 2170 5718 1127 4002 6054 4669 2584 7179 8900 4956 8666 128 9086 
406 779 206 999 237 370 218 209 860 666 259 378 388 719 315 834 451 308 803 749 973 370 617 600 357 
1832
1512 6939 4533 722 58 5464 2143 4291 2647 7239 9038 7007 9189 158 1832 1232 2442 8938 590 6049 9543 9052 2426 7041 2088 
142 415 473 915 981 140 466 315 798 355 782 205 462 898 673 995 516 735 867 258 342 985 266 919 930 
3900
6755 406 2938 5442 6745 4065 4371 2608 1771 6267 634 7711 3644 3269 7541 5728 5000 3728 3652 387 3164 6528 5378 4564 1137 
891 385 459 756 621 509 795 963 649 439 128 218 998 367 282 694 371 139 211 710 544 453 846 905 421 
8149
9932 8379 1894 6311 9446 3114 4173 727 7144 27 8518 8821 3228 5967 7066 1146 5409 5143 2041 4920 8308 5067 6691 5344 6592 
813 402 667 230 296 530 780 488 793 866 278 730 682 408 515 661 953 100 411 393 315 540 904 693 721 
6279
7618 7238 7244 3501 8375 7752 2780 1389 4649 8445 5491 1530 3848 5085 3680 3262 2414 400 757 4011 7784 1193 7461 6790 9431 
299 835 813 493 606 509 349 251 771 804 105 868 981 888 209 897 535 324 280 923 812 630 575 151 670 
5082
1988 7478 2184 7612 8702 9157 9755 5198 7251 8270 6991 8976 7305 2607 7777 7373 4246 4050 4543 8540 7939 3919 4499 7206 1269 
830 392 340 378 443 427 653 182 241 254 336 492 810 256 823 319 165 524 517 438 655 577 525 163 311 
7883
6381 9569 320 9432 6232 7814 96 5763 4892 6389 6865 8818 8947 9883 3613 7999 3595 4471 7140 7956 475 6371 5507 6624 2704 
960 578 230 737 646 127 503 706 677 778 127 185 758 538 238 987 572 286 151 366 488 435 316 565 434 
32118
6211 4558 6906 4133 1341 7705 317 8837 853 5733 3673 1124 659 508 4051 3266 333 2496 3908 2068 7758 1874 9240 3571 7619 4198 6043 2749 9926 9949 1876 2683 5096 1771 9481 420 5111 
3358 3774 4719 4924 2537 2624 4856 3928 1812 1311 3425 3828 4402 3569 1994 1417 3855 4164 2235 4482 3802 3459 4299 1495 4261 3318 4205 1168 2422 3182 2754 3709 2517 1282 3072 3652 2397 
10829
6882 8031 1729 7102 5934 7532 2506 7135 2885 8548 4425 8817 7921 7616 7136 9707 4397 5280 4022 1419 4569 7385 3995 7613 9336 9999 6209 5511 470 8098 5325 2979 7988 3475 5813 4232 5576 
2145 4605 3441 3872 4604 2131 3276 1041 3116 4883 1782 1350 1988 3949 2664 3001 3274 4105 1984 3828 2950 3645 3915 3010 2835 4247 1070 1381 2205 1907 2656 3833 1996 2254 3719 3382 2511 
41015
9068 8698 5632 6971 9017 5419 5764 7434 4438 5023 4118 3777 1976 3155 5169 1958 8779 3033 3138 3545 7933 4530 9659 8595 9777 4636 1647 3180 4853 3727 5912 2939 4952 231 8751 2073 4494 
1186 4990 1223 3266 2196 3856 4866 1517 3612 4557 4083 3010 1420 4574 1050 3351 2164 2922 2960 2804 2395 1755 4954 1210 2034 4854 4529 2956 1467 4367 1267 2641 3014 1303 3363 3578 3811 
13513
2485 2444 9221 4978 1395 4066 1940 9143 6818 9933 9766 3697 8561 6232 7381 7253 4871 9642 7025 5003 9316 986 9988 1625 3404 3457 4335 1330 2573 3929 2847 9043 1229 2564 43 6693 7381 
3823 3432 2924 2192 1133 1948 2180 3895 2158 3879 4520 2859 1291 3815 1956 4784 2083 4226 4240 3560 3415 3708 4292 4824 1810 2741 1470 3230 1920 3652 1610 4720 2088 4385 1582 1292 1244 
20873
5039 9749 9325 4728 7195 2037 7679 4982 6594 4460 8199 8847 8090 7172 1317 9798 653 7078 5280 9891 4102 423 1496 3750 9424 9619 339 4415 9441 659 2870 7708 8502 7245 4557 2973 9590 
2785 3600 4335 3014 4969 1373 2925 2425 2672 2365 2315 3744 1428 4513 1658 2350 2686 3841 3029 2180 3713 4871 2640 4332 4115 3253 1150 2862 1360 2288 2033 2324 1474 4973 4164 2655 4542 
43724
18 8889 7569 6770 888 3073 8494 5927 8167 7242 845 3335 4375 8998 2146 4719 7178 7941 1989 472 9975 3920 2594 5091 9024 224 9048 6684 1527 3681 1858 7560 1924 2522 8165 4781 8337 
3889 2119 2701 4419 2976 2934 1998 2870 3257 1592 2571 1780 4775 3455 3081 4056 4601 1559 4539 1285 2131 4164 4235 4499 2699 2392 4826 4226 3079 2094 4360 1010 2158 3973 2222 4430 3404 
48005
8022 2434 7316 8824 7935 5654 5446 9042 8903 6180 7460 5272 3090 3912 9368 6274 3826 6730 715 5213 7749 6246 6325 2492 8115 606 2068 8229 9669 5439 1644 7213 1633 8617 7486 251 2361 
2679 4567 3681 4972 1632 1306 2923 4201 4969 2085 2386 3552 3837 2628 3661 1328 4488 2345 4491 3762 4519 3185 2556 4908 2297 3567 3943 4634 4110 2998 4573 3216 1147 3529 1280 1961 3585 
28833
3727 1480 7110 1612 1646 7269 2725 4906 474 753 5314 919 4806 5873 6141 7056 2385 4000 8702 6751 9272 2950 2785 2868 1293 9985 6267 3945 8153 9554 2344 3804 7555 4161 7529 4183 153 
4681 4295 2905 4691 2178 3775 3238 1647 1302 2809 4871 2415 3406 2225 3617 4940 2737 3827 2024 2871 4462 2237 1815 2575 4495 2979 1436 1971 2562 3342 2470 3354 2211 3864 2209 1089 4399 
740203
6484 4497 132 9272 803 9935 8138 4689 3770 9946 5772 3588 3115 4106 2240 1591 645 5061 7222 546 9495 5977 2153 1476 4835 5352 6807 2877 3289 2165 8837 5994 8697 8221 4465 2695 4210 7894 4835 5549 1886 7673 1233 2306 3696 6511 9131 5992 1479 6464 
6824 39663 75329 21199 64609 53311 93188 93125 39362 81619 54941 88695 53689 19201 93452 35647 66797 8280 86205 78584 47992 84964 34015 89889 13285 88283 65852 96891 44608 90097 58516 20292 23320 10943 9877 44893 69569 20220 17739 35775 75457 22781 55940 64459 53629 92881 96289 75804 59935 81983 
828325
2531 6797 1622 8017 6686 4583 536 6070 3559 7264 7285 3868 5942 1627 6018 8920 5876 992 6523 4520 3109 2001 7450 1501 3475 9783 349 828 5464 3990 2063 9250 3362 1124 9080 3394 9607 3538 3817 5383 2417 9764 46 4542 2370 2129 8850 4106 2858 1801 
91646 8379 22275 6947 51955 36186 82182 47437 7068 27838 39782 11868 21614 60176 73955 19896 13330 67422 63756 52453 72271 82812 19293 64245 71039 34038 85623 10683 91363 73347 44535 65036 89323 9082 12972 67781 57640 60872 94928 19150 69260 98375 63138 14632 15589 47219 84730 24442 13609 21540 
338375
9590 8984 5327 6240 9787 8692 4831 7433 8282 9919 7048 1624 1874 9033 3522 7046 7398 3743 6779 5553 7430 6532 6815 1557 5120 6992 5120 4176 6132 2500 7770 1099 1494 1398 1527 7075 1582 6105 2131 9115 982 9608 9201 9202 5400 2002 6730 5793 6929 842 
42700 83696 45953 51090 18579 80748 71507 32884 25280 91079 68201 34392 19184 50890 77910 53176 20058 41512 80248 34643 61244 78526 86490 85422 93470 89239 77972 8441 84822 91223 95894 40054 8794 28647 40818 97104 45499 49541 51009 5800 28777 23776 79228 91159 57531 14120 23595 87991 9018 17026 
832354
8691 3524 6163 6878 7432 5585 2578 6062 5105 5314 9299 9768 1391 861 2549 2579 815 1336 4458 7259 6947 7957 9946 7242 6785 4475 3531 8394 1864 5655 7043 1816 4640 9717 7972 8633 5053 744 3612 6475 9819 897 125 3349 4938 3460 2248 4186 4742 5375 
20726 6013 70193 61446 28028 21932 54834 74806 97231 35161 70570 78233 92562 51421 14447 57044 10544 62176 7456 65260 15205 46033 80465 61267 80156 58008 97995 88904 59747 42947 20096 58088 7733 47568 27527 86018 65305 95388 52428 16551 62240 18875 36891 62104 82184 57487 73676 15308 56873 45668 
832033
5562 3630 5456 2754 1251 8363 1868 8693 8355 3176 5724 5752 2419 3871 1684 2399 4193 3232 2842 9869 2504 1234 2902 8095 7601 9236 9494 7354 9248 5295 5179 2473 7205 1118 7682 7245 4961 4500 9689 920 5766 8312 1215 5085 7565 7404 616 932 6041 4703 
15057 89497 16835 85610 82867 71462 55394 65648 81064 77655 10376 63947 79928 90437 29672 47143 84299 67341 70715 24773 13109 64050 18566 50015 98626 16053 71132 89689 27617 10130 37472 97749 62377 62595 73690 73517 84928 25807 52696 53870 42079 55779 58578 49350 93984 83366 11863 87691 89843 48863 
119113
5401 1548 9141 6333 4655 4128 9874 2463 5461 1335 9547 2317 5731 5082 6421 2112 9749 1388 5072 9157 6171 5381 2093 8624 1531 6937 8331 5928 298 5940 5060 2953 3509 5598 7967 3145 3711 2253 2538 1264 4846 1657 8317 8843 8626 618 5517 2147 9785 6172 
25218 26266 28703 95812 86885 26697 99526 62366 10726 58852 52749 93652 99317 36133 63222 85031 42346 63841 35671 74993 36348 45562 66474 30430 53213 93907 79766 62749 65513 41932 55052 70916 74135 59874 26241 31174 84254 23140 37768 11839 89040 67991 53655 77684 18446 98244 72621 21341 42363 15993 
850185
2626 4469 7361 8410 2414 7167 1502 3637 7391 5727 436 6797 872 6495 8224 6126 3862 6326 1337 6142 3678 461 5221 1623 5493 2392 2254 627 4700 7740 2273 7685 7349 86 1298 311 4193 3533 2449 8991 9975 8647 6934 1821 4720 3893 4934 1996 782 3906 
60027 88748 86633 64914 13232 19530 70513 83215 75261 7154 87831 72551 80372 36711 99181 23818 43177 61261 5205 85584 51244 36531 79798 59600 29551 92080 92584 16221 73614 52265 13870 73951 76313 71496 71535 77633 7665 56177 66621 10706 88318 55709 53929 38246 7128 51805 13855 50193 36604 91127 
708775
1698 9533 5447 2185 726 5772 8945 5546 2868 7612 7840 2986 2209 1033 7498 605 4807 3302 717 3268 686 5170 5080 8444 6524 8897 7756 4150 599 3131 4687 5848 783 5438 4476 2039 6029 7159 6553 7204 6334 5554 3060 8129 8151 6018 8507 4369 1353 6955 
15345 61440 83964 28652 76496 43504 47101 18447 15494 47981 91628 43750 45173 63447 83986 99065 60851 26842 95408 63183 51077 63606 10551 51210 85589 62008 40986 88816 12518 14835 92973 88560 58242 52619 72251 94051 25969 9081 23714 84635 93878 62432 9561 21545 13812 35932 89562 53015 52467 55181 
